Member,Party,Vote
Mr Albanese,Australian Labor Party,Aye
Dr Aly,Australian Labor Party,Aye
Dr Ananda-Rajah,Australian Labor Party,Aye
Mrs Andrews,Liberal National Party of Queensland,No
Mrs Archer,Liberal Party of Australia,No
Mr Bandt,Australian Greens,Aye
Mr Bates,Australian Greens,Aye
Mr Birrell,The Nationals,No
Mr Bowen,Australian Labor Party,Aye
Mr Boyce,Liberal National Party of Queensland,No
Mr Broadbent,Liberal Party of Australia,No
Mr Buchholz,Liberal National Party of Queensland,No
Mr Burnell,Australian Labor Party,Aye
Ms Burney,Australian Labor Party,Aye
Mr Burns,Australian Labor Party,Aye
Mr Butler,Australian Labor Party,Aye
Ms Byrnes,Australian Labor Party,Aye
Mr Caldwell,Liberal National Party of Queensland,No
Dr Chalmers,Australian Labor Party,Aye
Mr Chandler-Mather,Australian Greens,Aye
Ms Chaney,Independent,No
Dr Charlton,Australian Labor Party,Aye
Mr Chester,The Nationals,No
Ms Chesters,Australian Labor Party,Aye
Mr Clare,Australian Labor Party,Aye
Ms Claydon,Australian Labor Party,Aye
Ms Coker,Australian Labor Party,Aye
Mr Coleman,Liberal Party of Australia,No
Ms Collins,Australian Labor Party,Aye
Mr Conroy,Australian Labor Party,Aye
Mr Coulton,The Nationals,No
Ms Daniel,Independent,No
Ms Doyle,Australian Labor Party,Aye
Mrs Elliot,Australian Labor Party,Aye
Mr Entsch,Liberal National Party of Queensland,No
Ms Fernando,Australian Labor Party,Aye
Mr Fletcher,Liberal Party of Australia,No
Dr Freelander,Australian Labor Party,Aye
Dr Garland,Australian Labor Party,Aye
Mr Gee,Independent,Aye
Mr Georganas,Australian Labor Party,Aye
Mr Giles,Australian Labor Party,Aye
Dr Gillespie,The Nationals,No
Mr Goodenough,Liberal Party of Australia,No
Mr Gorman,Australian Labor Party,Aye
Mr Gosling,Australian Labor Party,Aye
Dr Haines,Independent,No
Mr Hamilton,Liberal National Party of Queensland,No
Mr Hastie,Liberal Party of Australia,No
Mr Hawke,Liberal Party of Australia,No
Mr Hill,Australian Labor Party,Aye
Mr Hogan,The Nationals,No
Mr Howarth,Liberal National Party of Queensland,No
Mr Husic,Australian Labor Party,Aye
Mr Jones,Australian Labor Party,Aye
Mr Joyce,The Nationals,No
Ms Kearney,Australian Labor Party,Aye
Mr Keogh,Australian Labor Party,Aye
Mr Khalil,Australian Labor Party,Aye
Ms Landry,Liberal National Party of Queensland,No
Ms Lawrence,Australian Labor Party,Aye
Mr Laxale,Australian Labor Party,Aye
Ms Le,Independent,No
Mr Leeser,Liberal Party of Australia,No
Dr Leigh,Australian Labor Party,Aye
Mr Littleproud,Liberal National Party of Queensland,No
Mrs Marino,Liberal Party of Australia,No
Ms Mascarenhas,Australian Labor Party,Aye
Ms McBain,Australian Labor Party,Aye
Ms McBride,Australian Labor Party,Aye
Mr McCormack,The Nationals,No
Mrs McIntosh,Liberal Party of Australia,No
Ms McKenzie,Liberal Party of Australia,No
Ms Miller-Frost ,Australian Labor Party,Aye
Mr B Mitchell,Australian Labor Party,Aye
Dr Mulino,Australian Labor Party,Aye
Mr Neumann,Australian Labor Party,Aye
Mr L O'Brien,Liberal National Party of Queensland,No
Mr O'Connor,Australian Labor Party,Aye
Ms O'Neil,Australian Labor Party,Aye
Mr Pasin,Liberal Party of Australia,No
Ms Payne,Australian Labor Party,Aye
Mr Pearce,Liberal Party of Australia,No
Mr Perrett,Australian Labor Party,Aye
Mrs Phillips,Australian Labor Party,Aye
Mr Pike,Liberal National Party of Queensland,No
Mr Pitt,Liberal National Party of Queensland,No
Ms Plibersek,Australian Labor Party,Aye
Ms Price,Liberal Party of Australia,No
Mr Rae,Australian Labor Party,Aye
Mr Ramsey,Liberal Party of Australia,No
Dr Reid,Australian Labor Party,Aye
Mr Repacholi,Australian Labor Party,Aye
Ms Rishworth,Australian Labor Party,Aye
Ms Roberts,Australian Labor Party,Aye
Ms Rowland,Australian Labor Party,Aye
Ms J Ryan,Australian Labor Party,Aye
Dr M Ryan,Independent,No
Mr Shorten,Australian Labor Party,Aye
Ms Sitou,Australian Labor Party,Aye
Mr Smith,Australian Labor Party,Aye
Ms Spender,Independent,No
Ms Stanley,Australian Labor Party,Aye
Ms Steggall,Independent,No
Mr Stevens,Liberal Party of Australia,No
Mr Sukkar,Liberal Party of Australia,No
Ms Swanson,Australian Labor Party,Aye
Mr Tehan,Liberal Party of Australia,No
Ms Templeman,Australian Labor Party,Aye
Mr Thistlethwaite,Australian Labor Party,Aye
Mr Thompson,Liberal National Party of Queensland,No
Ms Thwaites,Australian Labor Party,Aye
Ms Tink,Independent,No
Ms Vamvakinou,Australian Labor Party,Aye
Mr van Manen,Liberal National Party of Queensland,No
Mr Vasta,Liberal National Party of Queensland,No
Mr Violi,Liberal Party of Australia,No
Ms Watson-Brown,Australian Greens,Aye
Mr Watts,Australian Labor Party,Aye
Dr Webster,The Nationals,No
Ms Wells,Australian Labor Party,Aye
Mr Wilkie,Independent,No
Mr Willcox,Liberal National Party of Queensland,No
Mr R Wilson,Liberal Party of Australia,No
Mr J Wilson,Australian Labor Party,Aye
Mr Wolahan,Liberal Party of Australia,No
Mr Wood,Liberal Party of Australia,No
Mr Young,Liberal National Party of Queensland,No
Mr Zappia,Australian Labor Party,Aye
